95.599000 8.000000
112.249000 16.000000
137.139000 24.000000
150.250000 32.000000
160.450000 40.000000
176.155000 48.000000
188.334000 56.000000
213.726000 64.000000
246.807000 72.000000
268.846000 80.000000
289.397000 88.000000
309.144000 96.000000
330.550000 104.000000
354.862000 112.000000
373.482000 120.000000
418.346000 128.000000
453.315000 136.000000
481.739000 144.000000
506.944000 152.000000
523.099000 160.000000
538.572000 168.000000
569.220000 176.000000
603.166000 184.000000
623.001000 192.000000
647.209000 200.000000
673.442000 208.000000
694.501000 216.000000
729.096000 224.000000
754.574000 232.000000
781.469000 240.000000
799.397000 248.000000
810.477000 256.000000
831.210000 264.000000
864.125000 272.000000
886.538000 280.000000
903.669000 288.000000
922.637000 296.000000
934.266000 304.000000
951.451000 312.000000
969.363000 320.000000
1008.075000 328.000000
1036.401000 336.000000
1056.544000 344.000000
1079.152000 352.000000
1094.322000 360.000000
1111.248000 368.000000
1134.201000 376.000000
1157.247000 384.000000
1183.548000 392.000000
1264.460000 400.000000
1290.781000 408.000000
1312.504000 416.000000
1366.323000 424.000000
1391.431000 432.000000
1422.725000 440.000000
1498.762000 448.000000
1562.688000 456.000000
1646.528000 464.000000
1666.433000 472.000000
1725.953000 480.000000
1761.447000 488.000000
1786.112000 496.000000
1837.474000 504.000000
1872.185000 512.000000
1895.673000 520.000000
1945.086000 528.000000
1989.986000 536.000000
2019.254000 544.000000
2047.733000 552.000000
2076.942000 560.000000
2102.163000 568.000000
2144.146000 576.000000
2200.116000 584.000000
2222.940000 592.000000
2246.314000 600.000000
2272.849000 608.000000
2285.866000 616.000000
2304.032000 624.000000
2324.958000 632.000000
2358.154000 640.000000
2463.377000 648.000000
2547.421000 656.000000
2564.383000 664.000000
2577.375000 672.000000
2589.585000 680.000000
2602.568000 688.000000
2622.291000 696.000000
2646.352000 704.000000
2673.511000 712.000000
2695.667000 720.000000
2709.858000 728.000000
2728.062000 736.000000
2764.227000 744.000000
2792.781000 752.000000
2825.038000 760.000000
2848.008000 768.000000
2890.236000 776.000000
2927.828000 784.000000
2949.986000 792.000000
2973.906000 800.000000
2999.974000 808.000000
3024.824000 816.000000
3065.381000 824.000000
3084.521000 832.000000
3123.332000 840.000000
3143.844000 848.000000
3163.253000 856.000000
3181.405000 864.000000
3201.993000 872.000000
3232.875000 880.000000
3244.831000 888.000000
3264.176000 896.000000
3281.177000 904.000000
3293.036000 912.000000
3312.970000 920.000000
3332.210000 928.000000
3359.608000 936.000000
3374.875000 944.000000
3387.152000 952.000000
3406.523000 960.000000
3427.245000 968.000000
3447.883000 976.000000
3469.178000 984.000000
3483.776000 992.000000
3507.178000 1000.000000
3523.032000 1008.000000
3535.914000 1016.000000
3551.536000 1024.000000
3567.436000 1032.000000
3579.516000 1040.000000
3598.284000 1048.000000
3613.338000 1056.000000
3633.479000 1064.000000
3644.534000 1072.000000
3662.425000 1080.000000
3678.509000 1088.000000
3693.475000 1096.000000
3703.520000 1104.000000
3720.073000 1112.000000
3731.144000 1120.000000
3739.121000 1128.000000
3753.506000 1136.000000
3762.211000 1144.000000
3776.075000 1152.000000
3785.116000 1160.000000
3801.377000 1168.000000
3812.504000 1176.000000
3823.780000 1184.000000
3837.644000 1192.000000
3853.274000 1200.000000
3863.322000 1208.000000
3874.637000 1216.000000
3889.882000 1224.000000
3902.066000 1232.000000
3909.065000 1240.000000
3919.235000 1248.000000
3929.049000 1256.000000
3933.256000 1264.000000
3950.162000 1272.000000
3966.161000 1280.000000
3974.092000 1288.000000
3992.141000 1296.000000
4003.269000 1304.000000
4014.061000 1312.000000
4022.162000 1320.000000
4032.175000 1328.000000
4042.327000 1336.000000
4056.422000 1344.000000
4066.675000 1352.000000
4076.581000 1360.000000
4086.980000 1368.000000
4096.813000 1376.000000
4105.052000 1384.000000
4115.147000 1392.000000
4131.407000 1400.000000
4146.558000 1408.000000
4153.452000 1416.000000
4162.707000 1424.000000
4171.809000 1432.000000
4187.989000 1440.000000
4206.250000 1448.000000
4217.401000 1456.000000
4225.217000 1464.000000
4232.439000 1472.000000
4251.654000 1480.000000
4264.449000 1488.000000
4309.581000 1496.000000
4337.732000 1504.000000
4352.649000 1512.000000
4373.259000 1520.000000
4388.872000 1528.000000
4406.955000 1536.000000
4413.846000 1544.000000
4462.542000 1552.000000
4471.720000 1560.000000
4491.853000 1568.000000
4525.557000 1576.000000
4543.225000 1584.000000
4562.122000 1592.000000
4595.302000 1600.000000
4621.470000 1608.000000
4711.457000 1616.000000
4734.094000 1624.000000
4794.799000 1632.000000
4820.240000 1640.000000
4840.207000 1648.000000
4862.348000 1656.000000
4892.187000 1664.000000
4930.305000 1672.000000
4959.705000 1680.000000
4981.611000 1688.000000
5001.506000 1696.000000
5014.332000 1704.000000
5030.676000 1712.000000
5041.573000 1720.000000
5056.723000 1728.000000
5136.356000 1736.000000
5164.172000 1744.000000
5178.896000 1752.000000
5201.224000 1760.000000
5220.438000 1768.000000
5227.880000 1776.000000
5246.363000 1784.000000
5256.872000 1792.000000
5267.989000 1800.000000
5278.907000 1808.000000
5289.842000 1816.000000
5297.815000 1824.000000
5303.843000 1832.000000
5311.868000 1840.000000
5320.000000 1848.000000
5327.276000 1856.000000
5342.355000 1864.000000
5353.338000 1872.000000
5364.422000 1880.000000
5372.345000 1888.000000
5382.250000 1896.000000
5402.866000 1904.000000
5411.536000 1912.000000
5422.533000 1920.000000
5442.122000 1928.000000
5457.094000 1936.000000
5468.064000 1944.000000
5484.024000 1952.000000
5502.353000 1960.000000
5511.385000 1968.000000
5533.682000 1976.000000
5574.545000 1984.000000
5609.540000 1992.000000
5629.598000 2000.000000
5653.805000 2008.000000
5684.102000 2016.000000
5728.881000 2024.000000
5756.677000 2032.000000
5783.178000 2040.000000
5813.937000 2048.000000
5835.005000 2056.000000
5848.127000 2064.000000
5882.791000 2072.000000
5899.927000 2080.000000
5914.182000 2088.000000
5944.687000 2096.000000
5962.058000 2104.000000
5983.288000 2112.000000
5997.371000 2120.000000
6009.368000 2128.000000
6034.216000 2136.000000
6054.665000 2144.000000
6069.964000 2152.000000
6102.405000 2160.000000
6125.085000 2168.000000
6156.239000 2176.000000
6166.225000 2184.000000
6208.136000 2192.000000
6222.321000 2200.000000
6247.243000 2208.000000
6275.717000 2216.000000
6292.644000 2224.000000
6312.727000 2232.000000
6328.588000 2240.000000
6344.662000 2248.000000
6366.008000 2256.000000
6388.891000 2264.000000
6406.802000 2272.000000
6430.118000 2280.000000
6443.948000 2288.000000
6465.884000 2296.000000
6484.820000 2304.000000
6492.774000 2312.000000
6503.173000 2320.000000
6510.973000 2328.000000
6528.699000 2336.000000
6539.680000 2344.000000
6546.631000 2352.000000
6557.629000 2360.000000
6571.635000 2368.000000
6585.554000 2376.000000
6591.446000 2384.000000
6603.936000 2392.000000
6622.571000 2400.000000
6644.441000 2408.000000
6658.562000 2416.000000
6671.154000 2424.000000
6683.458000 2432.000000
6701.152000 2440.000000
6712.104000 2448.000000
6723.122000 2456.000000
6739.032000 2464.000000
6752.468000 2472.000000
6768.454000 2480.000000
6781.434000 2488.000000
6800.495000 2496.000000
6811.714000 2504.000000
6825.426000 2512.000000
6838.722000 2520.000000
6861.748000 2528.000000
6889.870000 2536.000000
6907.550000 2544.000000
6921.629000 2552.000000
6932.366000 2560.000000
6947.777000 2568.000000
6957.696000 2576.000000
6975.582000 2584.000000
6983.652000 2592.000000
6996.653000 2600.000000
7014.941000 2608.000000
7028.206000 2616.000000
7049.253000 2624.000000
7073.667000 2632.000000
7103.344000 2640.000000
7122.864000 2648.000000
7134.824000 2656.000000
7149.749000 2664.000000
7164.064000 2672.000000
7172.045000 2680.000000
7187.173000 2688.000000
7196.925000 2696.000000
7227.909000 2704.000000
7252.067000 2712.000000
7267.176000 2720.000000
7287.419000 2728.000000
7312.169000 2736.000000
7327.549000 2744.000000
7344.091000 2752.000000
7363.459000 2760.000000
7378.481000 2768.000000
7424.042000 2776.000000
7440.115000 2784.000000
7471.711000 2792.000000
7498.153000 2800.000000
7513.199000 2808.000000
7556.203000 2816.000000
7578.204000 2824.000000
7656.553000 2832.000000
7675.108000 2840.000000
7692.056000 2848.000000
7712.053000 2856.000000
7726.011000 2864.000000
7751.244000 2872.000000
7770.258000 2880.000000
7800.095000 2888.000000
7835.565000 2896.000000
7854.013000 2904.000000
7864.017000 2912.000000
7882.290000 2920.000000
7898.178000 2928.000000
7908.391000 2936.000000
7920.337000 2944.000000
7930.386000 2952.000000
7950.166000 2960.000000
7973.274000 2968.000000
7986.484000 2976.000000
8011.109000 2984.000000
8023.241000 2992.000000
8045.253000 3000.000000
8059.194000 3008.000000
8076.705000 3016.000000
8095.261000 3024.000000
8106.751000 3032.000000
8115.043000 3040.000000
8132.166000 3048.000000
8143.585000 3056.000000
8154.642000 3064.000000
8164.594000 3072.000000
8178.510000 3080.000000
8188.441000 3088.000000
8200.344000 3096.000000
8211.086000 3104.000000
8219.874000 3112.000000
8234.897000 3120.000000
8247.386000 3128.000000
8261.846000 3136.000000
8270.924000 3144.000000
8278.947000 3152.000000
8289.096000 3160.000000
8307.562000 3168.000000
8327.965000 3176.000000
8336.937000 3184.000000
8355.842000 3192.000000
8368.990000 3200.000000
8377.717000 3208.000000
8391.868000 3216.000000
8405.475000 3224.000000
8418.080000 3232.000000
8429.019000 3240.000000
8441.067000 3248.000000
8453.328000 3256.000000
8467.112000 3264.000000
8483.409000 3272.000000
8497.590000 3280.000000
8507.157000 3288.000000
8528.879000 3296.000000
8553.720000 3304.000000
8571.698000 3312.000000
8588.651000 3320.000000
8603.703000 3328.000000
8624.441000 3336.000000
8641.490000 3344.000000
8658.716000 3352.000000
8677.488000 3360.000000
8695.967000 3368.000000
8704.836000 3376.000000
8725.321000 3384.000000
8738.002000 3392.000000
8747.967000 3400.000000
8772.156000 3408.000000
8778.202000 3416.000000
8788.483000 3424.000000
8801.593000 3432.000000
8814.710000 3440.000000
8832.981000 3448.000000
8848.009000 3456.000000
8860.821000 3464.000000
8879.535000 3472.000000
8899.190000 3480.000000
8916.902000 3488.000000
8927.945000 3496.000000
8937.113000 3504.000000
8945.876000 3512.000000
8985.547000 3520.000000
8996.069000 3528.000000
9027.289000 3536.000000
9043.444000 3544.000000
9054.179000 3552.000000
9064.451000 3560.000000
9082.219000 3568.000000
9094.480000 3576.000000
9103.404000 3584.000000
9113.322000 3592.000000
9128.479000 3600.000000
9142.416000 3608.000000
9153.500000 3616.000000
9169.534000 3624.000000
9181.542000 3632.000000
9191.751000 3640.000000
9203.171000 3648.000000
9212.178000 3656.000000
9220.457000 3664.000000
9234.825000 3672.000000
9244.107000 3680.000000
9262.033000 3688.000000
9270.465000 3696.000000
9290.331000 3704.000000
9301.875000 3712.000000
9310.246000 3720.000000
9319.272000 3728.000000
9327.335000 3736.000000
9336.213000 3744.000000
9352.312000 3752.000000
9364.357000 3760.000000
9374.176000 3768.000000
9382.150000 3776.000000
9395.841000 3784.000000
9405.070000 3792.000000
9420.999000 3800.000000
9430.065000 3808.000000
9440.275000 3816.000000
9446.341000 3824.000000
9457.901000 3832.000000
9471.572000 3840.000000
9483.720000 3848.000000
9497.835000 3856.000000
9505.836000 3864.000000
9514.866000 3872.000000
9522.740000 3880.000000
9538.750000 3888.000000
9550.952000 3896.000000
9562.077000 3904.000000
9571.919000 3912.000000
9579.106000 3920.000000
9597.303000 3928.000000
9617.345000 3936.000000
9627.718000 3944.000000
9646.827000 3952.000000
9658.192000 3960.000000
9667.879000 3968.000000
9675.805000 3976.000000
9690.548000 3984.000000
9694.567000 3992.000000
9705.497000 4000.000000
9716.443000 4008.000000
9724.419000 4016.000000
9735.995000 4024.000000
9749.272000 4032.000000
9763.992000 4040.000000
9776.200000 4048.000000
9781.115000 4056.000000
9794.235000 4064.000000
9810.396000 4072.000000
9818.488000 4080.000000
9832.653000 4088.000000
9842.658000 4096.000000
9855.235000 4104.000000
9866.783000 4112.000000
9874.193000 4120.000000
9882.065000 4128.000000
9896.353000 4136.000000
9905.251000 4144.000000
9916.141000 4152.000000
9927.163000 4160.000000
9942.157000 4168.000000
9955.319000 4176.000000
9965.281000 4184.000000
9972.242000 4192.000000
9987.377000 4200.000000
9997.530000 4208.000000
10013.650000 4216.000000
10026.999000 4218.334961
10050.588000 5824.330078
10060.591000 5832.330078
10071.599000 5840.330078
10086.700000 5848.330078
10097.537000 5856.330078
10115.415000 5864.330078
10126.188000 5872.330078
10132.319000 5880.330078
10145.298000 5888.330078
10162.984000 5896.330078
10169.958000 5904.330078
10191.291000 5912.330078
10246.209000 5920.330078
10266.194000 5928.330078
10296.927000 5936.330078
10311.338000 5944.330078
10321.449000 5952.330078
10330.475000 5960.330078
10348.968000 5968.330078
10366.776000 5976.330078
10376.703000 5984.330078
10387.974000 5992.330078
10401.050000 6000.330078
10412.940000 6008.330078
10427.043000 6016.330078
10442.134000 6024.330078
10488.671000 6032.330078
10536.881000 6040.330078
10552.714000 6048.330078
10564.267000 6056.330078
10579.573000 6064.330078
10589.471000 6072.330078
10602.701000 6080.330078
10614.754000 6088.330078
10635.862000 6096.330078
10656.403000 6104.330078
10671.383000 6112.330078
10684.545000 6120.330078
10694.469000 6128.330078
10703.495000 6136.330078
10714.394000 6144.330078
10728.200000 6152.330078
10747.045000 6160.330078
10756.012000 6168.330078
10763.078000 6176.330078
10774.942000 6184.330078
10792.046000 6192.330078
10799.098000 6200.330078
10813.064000 6208.330078
10827.430000 6216.330078
10836.083000 6224.330078
10843.901000 6232.330078
10855.040000 6240.330078
10867.154000 6248.330078
10897.177000 6256.330078
10941.483000 6264.330078
10997.858000 6272.330078
11009.219000 6280.330078
11016.251000 6288.330078
11031.443000 6296.330078
11047.172000 6304.330078
11081.283000 6312.330078
11093.149000 6320.330078
11106.229000 6328.330078
11118.955000 6336.330078
11134.302000 6344.330078
11155.987000 6352.330078
11174.656000 6360.330078
11195.445000 6368.330078
11221.493000 6376.330078
11236.618000 6384.330078
11250.131000 6392.330078
11270.887000 6400.330078
11293.378000 6408.330078
11310.352000 6416.330078
11334.623000 6424.330078
11344.831000 6432.330078
11359.137000 6440.330078
11376.726000 6448.330078
11390.738000 6456.330078
11403.967000 6464.330078
11417.792000 6472.330078
11440.443000 6480.330078
11454.559000 6488.330078
11467.701000 6496.330078
11482.888000 6504.330078
11498.310000 6512.330078
11522.031000 6520.330078
11557.315000 6528.330078
11564.073000 6536.330078
11574.528000 6544.330078
11602.487000 6552.330078
11624.433000 6560.330078
11641.782000 6568.330078
11654.041000 6576.330078
11661.980000 6584.330078
11673.274000 6592.330078
11688.107000 6600.330078
11702.462000 6608.330078
11722.238000 6616.330078
11742.238000 6624.330078
11771.127000 6632.330078
11780.923000 6640.330078
11793.894000 6648.330078
11812.351000 6656.330078
11825.673000 6664.330078
11845.816000 6672.330078
11859.771000 6680.330078
11889.789000 6688.330078
11912.891000 6696.330078
11929.068000 6704.330078
11944.238000 6712.330078
11958.595000 6720.330078
11975.854000 6728.330078
11994.433000 6736.330078
12011.602000 6744.330078
12024.751000 6752.330078
12043.935000 6760.330078
12057.168000 6768.330078
12073.101000 6776.330078
12088.454000 6784.330078
12106.538000 6792.330078
12135.842000 6800.330078
12152.472000 6808.330078
12176.638000 6816.330078
12196.258000 6824.330078
12218.139000 6832.330078
12257.188000 6840.330078
12270.964000 6848.330078
12292.160000 6856.330078
12303.987000 6864.330078
12316.067000 6872.330078
12331.424000 6880.330078
12346.633000 6888.330078
12366.422000 6896.330078
12372.966000 6904.330078
12388.071000 6912.330078
12406.866000 6920.330078
12422.117000 6928.330078
12437.159000 6936.330078
12455.190000 6944.330078
12467.059000 6952.330078
12492.159000 6960.330078
12509.188000 6968.330078
12526.412000 6976.330078
12562.260000 6984.330078
12573.290000 6992.330078
12597.783000 7000.330078
12608.261000 7008.330078
12623.234000 7016.330078
12644.703000 7024.330078
12662.260000 7032.330078
12681.888000 7040.330078
12704.449000 7048.330078
12720.865000 7056.330078
12735.235000 7064.330078
12743.994000 7072.330078
12770.163000 7080.330078
12778.192000 7088.330078
12793.175000 7096.330078
12813.596000 7104.330078
12831.717000 7112.330078
12964.782000 7120.330078
12972.702000 7128.330078
12981.887000 7136.330078
12990.679000 7144.330078
13001.979000 7152.330078
13011.976000 7160.330078
13018.917000 7168.330078
13024.015000 7176.330078
13031.944000 7184.330078
13044.078000 7192.330078
13052.073000 7200.330078
13074.137000 7208.330078
13095.937000 7216.330078
13102.097000 7224.330078
13123.208000 7232.330078
13133.285000 7240.330078
13147.738000 7248.330078
13164.897000 7256.330078
13183.417000 7264.330078
13205.665000 7272.330078
13225.006000 7280.330078
13235.026000 7288.330078
13247.683000 7296.330078
13258.954000 7304.330078
13273.053000 7312.330078
13289.010000 7320.330078
13300.120000 7328.330078
13309.151000 7336.330078
13325.485000 7344.330078
13341.338000 7352.330078
13351.136000 7360.330078
13370.127000 7368.330078
13383.268000 7376.330078
13395.954000 7384.330078
13405.037000 7392.330078
13427.990000 7400.330078
13435.971000 7408.330078
13444.149000 7416.330078
13452.944000 7424.330078
13460.823000 7432.330078
13473.533000 7440.330078
13483.937000 7448.330078
13494.778000 7456.330078
13502.822000 7464.330078
13514.807000 7472.330078
13528.025000 7480.330078
13536.023000 7488.330078
13556.131000 7496.330078
13564.412000 7504.330078
13571.706000 7512.330078
13583.718000 7520.330078
13602.130000 7528.330078
13614.959000 7536.330078
13622.392000 7544.330078
13643.464000 7552.330078
13652.813000 7560.330078
13670.200000 7568.330078
13685.215000 7576.330078
13694.732000 7584.330078
13706.099000 7592.330078
13713.362000 7600.330078
13720.894000 7608.330078
13728.206000 7616.330078
13737.231000 7624.330078
13747.681000 7632.330078
13754.596000 7640.330078
13774.177000 7648.330078
13781.209000 7656.330078
13799.178000 7664.330078
13817.803000 7672.330078
13829.973000 7680.330078
13847.872000 7688.330078
13863.134000 7696.330078
13874.106000 7704.330078
13889.254000 7712.330078
13906.125000 7720.330078
13918.143000 7728.330078
13923.099000 7736.330078
13941.952000 7744.330078
13947.224000 7752.330078
13966.109000 7760.330078
13979.371000 7768.330078
14004.473000 7776.330078
14015.803000 7784.330078
14022.655000 7792.330078
14036.719000 7800.330078
14055.646000 7808.330078
14065.474000 7816.330078
14075.540000 7824.330078
14085.602000 7832.330078
14092.143000 7840.330078
14103.734000 7848.330078
14113.106000 7856.330078
14122.210000 7864.330078
14131.675000 7872.330078
14145.531000 7880.330078
14153.233000 7888.330078
14165.210000 7896.330078
14174.347000 7904.330078
14189.988000 7912.330078
14200.219000 7920.330078
14221.946000 7928.330078
14228.942000 7936.330078
14240.148000 7944.330078
14254.324000 7952.330078
14266.152000 7960.330078
14287.856000 7968.330078
14300.892000 7976.330078
14332.239000 7984.330078
14351.389000 7992.330078
14363.467000 8000.330078
14377.340000 8008.330078
14395.963000 8016.330078
14411.841000 8024.330078
14421.699000 8032.330078
14433.196000 8040.330078
14463.276000 8048.330078
14482.174000 8056.330078
14505.200000 8064.330078
14517.386000 8072.330078
14538.155000 8080.330078
14563.456000 8088.330078
14586.037000 8096.330078
14607.452000 8104.330078
14627.631000 8112.330078
14644.483000 8120.330078
14664.744000 8128.330078
14682.276000 8136.330078
14698.388000 8144.330078
14712.734000 8152.330078
14724.045000 8160.330078
14738.097000 8168.330078
14749.820000 8176.330078
14761.977000 8184.330078
14773.954000 8192.330078
14792.746000 8200.330078
14797.876000 8208.330078
14808.643000 8216.330078
14816.606000 8224.330078
14824.552000 8232.330078
14837.835000 8240.330078
14849.117000 8248.330078
14857.361000 8256.330078
14869.117000 8264.330078
14880.115000 8272.330078
14886.142000 8280.330078
14899.904000 8288.330078
14908.058000 8296.330078
14917.964000 8304.330078
14927.022000 8312.330078
14945.281000 8320.330078
14958.701000 8328.330078
14969.576000 8336.330078
14977.596000 8344.330078
15002.480000 8352.330078
15012.723000 8360.330078
15022.822000 8368.330078
15039.999000 8376.330078
15046.878000 8384.330078
15059.857000 8392.330078
15077.063000 8400.330078
15090.940000 8408.330078
15099.987000 8416.330078
15116.850000 8424.330078
15128.030000 8432.330078
15141.465000 8436.669922
15165.268000 10441.219727
15172.982000 10449.219727
15181.284000 10457.219727
15189.173000 10465.219727
15204.531000 10473.219727
15214.791000 10481.219727
15225.632000 10489.219727
15238.394000 10497.219727
15255.625000 10505.219727
15267.874000 10513.219727
15282.852000 10521.219727
15291.012000 10529.219727
15308.067000 10537.219727
15322.234000 10545.219727
15337.666000 10553.219727
15347.582000 10561.219727
15363.256000 10569.219727
15374.500000 10577.219727
15392.215000 10585.219727
15413.488000 10593.219727
15428.472000 10601.219727
15439.901000 10609.219727
15459.802000 10617.219727
15559.279000 10625.219727
15575.330000 10633.219727
15596.030000 10641.219727
15643.327000 10649.219727
15661.545000 10657.219727
15680.091000 10665.219727
15698.203000 10673.219727
15715.044000 10681.219727
15726.376000 10689.219727
15740.579000 10697.219727
15763.936000 10705.219727
15770.023000 10713.219727
15780.064000 10721.219727
15796.190000 10729.219727
15804.687000 10737.219727
15813.981000 10745.219727
15822.719000 10753.219727
15861.678000 10761.219727
15875.958000 10769.219727
15902.088000 10777.219727
15921.372000 10785.219727
15930.248000 10793.219727
15943.261000 10801.219727
15977.620000 10809.219727
15985.351000 10817.219727
15991.519000 10825.219727
16005.865000 10833.219727
16014.286000 10841.219727
16039.171000 10849.219727
16054.977000 10857.219727
16069.872000 10865.219727
16077.173000 10873.219727
16089.860000 10881.219727
16102.031000 10889.219727
16113.837000 10897.219727
16125.881000 10905.219727
16135.798000 10913.219727
16151.993000 10921.219727
16171.654000 10929.219727
16186.922000 10937.219727
16198.442000 10945.219727
16214.245000 10953.219727
16231.313000 10961.219727
16242.481000 10969.219727
16258.487000 10977.219727
16272.456000 10985.219727
16288.015000 10993.219727
16305.061000 11001.219727
16316.064000 11009.219727
16333.970000 11017.219727
16347.003000 11025.219727
16355.147000 11033.219727
16378.432000 11041.219727
16395.697000 11049.219727
16416.325000 11057.219727
16426.882000 11065.219727
16441.344000 11073.219727
16452.705000 11081.219727
16463.567000 11089.219727
16471.525000 11097.219727
16484.557000 11105.219727
16501.619000 11113.219727
16517.410000 11121.219727
16535.503000 11129.219727
16556.318000 11137.219727
16566.344000 11145.219727
16592.948000 11153.219727
16603.907000 11161.219727
16621.927000 11169.219727
16636.059000 11177.219727
16650.988000 11185.219727
16660.062000 11193.219727
16676.220000 11201.219727
16688.192000 11209.219727
16704.172000 11217.219727
16716.253000 11225.219727
16738.655000 11233.219727
16753.753000 11241.219727
16765.786000 11249.219727
16780.475000 11257.219727
16793.689000 11265.219727
16807.148000 11273.219727
16820.321000 11281.219727
16843.502000 11289.219727
16854.829000 11297.219727
16869.113000 11305.219727
16882.243000 11313.219727
16893.453000 11321.219727
16922.460000 11329.219727
16937.463000 11337.219727
16959.559000 11345.219727
16967.485000 11353.219727
16981.754000 11361.219727
17019.333000 11369.219727
17028.251000 11377.219727
17037.156000 11385.219727
17074.517000 11393.219727
17089.363000 11401.219727
17109.802000 11409.219727
17119.839000 11417.219727
17143.972000 11425.219727
17156.919000 11433.219727
17173.630000 11441.219727
17190.144000 11449.219727
17207.329000 11457.219727
17220.433000 11465.219727
17237.190000 11473.219727
17249.526000 11481.219727
17259.643000 11489.219727
17284.144000 11497.219727
17298.942000 11505.219727
17309.937000 11513.219727
17318.085000 11521.219727
17330.853000 11529.219727
17340.945000 11537.219727
17349.147000 11545.219727
17360.271000 11553.219727
17374.730000 11561.219727
17382.412000 11569.219727
17394.455000 11577.219727
17403.574000 11585.219727
17409.513000 11593.219727
17426.595000 11601.219727
17438.685000 11609.219727
17445.890000 11617.219727
17459.059000 11625.219727
17466.162000 11633.219727
17481.449000 11641.219727
17491.592000 11649.219727
17504.604000 11657.219727
17517.502000 11665.219727
17523.628000 11673.219727
17543.913000 11681.219727
17557.886000 11689.219727
17574.511000 11697.219727
17590.529000 11705.219727
17599.899000 11713.219727
17611.075000 11721.219727
17636.940000 11729.219727
17655.444000 11737.219727
17671.560000 11745.219727
17684.821000 11753.219727
17695.033000 11761.219727
17705.898000 11769.219727
17726.107000 11777.219727
17753.190000 11785.219727
17769.245000 11793.219727
17785.019000 11801.219727
17799.074000 11809.219727
17811.708000 11817.219727
17822.593000 11825.219727
17825.498000 11833.219727
17837.716000 11841.219727
17848.737000 11849.219727
17857.729000 11857.219727
17869.563000 11865.219727
17882.683000 11873.219727
17902.462000 11881.219727
17916.260000 11889.219727
17932.312000 11897.219727
17943.586000 11905.219727
17958.233000 11913.219727
17970.294000 11921.219727
17982.190000 11929.219727
18004.456000 11937.219727
18020.215000 11945.219727
18029.208000 11953.219727
18044.516000 11961.219727
18061.843000 11969.219727
18069.642000 11977.219727
18085.930000 11985.219727
18094.952000 11993.219727
18107.444000 12001.219727
18120.645000 12009.219727
18131.676000 12017.219727
18144.379000 12025.219727
18160.660000 12033.219727
18180.278000 12041.219727
18189.412000 12049.219727
18199.566000 12057.219727
18211.593000 12065.219727
18224.250000 12073.219727
18245.554000 12081.219727
18256.776000 12089.219727
18271.885000 12097.219727
18280.715000 12105.219727
18339.378000 12113.219727
18358.336000 12121.219727
18385.327000 12129.219727
18401.374000 12137.219727
18416.262000 12145.219727
18429.189000 12153.219727
18448.432000 12161.219727
18462.274000 12169.219727
18518.172000 12177.219727
18528.049000 12185.219727
18544.011000 12193.219727
18557.368000 12201.219727
18570.411000 12209.219727
18583.525000 12217.219727
18597.834000 12225.219727
18612.626000 12233.219727
18621.665000 12241.219727
18631.628000 12249.219727
18646.892000 12257.219727
18658.060000 12265.219727
18682.630000 12273.219727
18693.846000 12281.219727
18703.686000 12289.219727
18713.925000 12297.219727
18724.677000 12305.219727
18733.745000 12313.219727
18747.058000 12321.219727
18760.349000 12329.219727
18777.009000 12337.219727
18792.312000 12345.219727
18800.262000 12353.219727
18817.633000 12361.219727
18892.444000 12369.219727
18899.945000 12377.219727
18915.967000 12385.219727
18931.578000 12393.219727
18962.001000 12401.219727
18977.841000 12409.219727
18991.905000 12417.219727
19004.962000 12425.219727
19012.926000 12433.219727
19026.118000 12441.219727
19032.709000 12449.219727
19043.498000 12457.219727
19062.368000 12465.219727
19075.309000 12473.219727
19090.545000 12481.219727
19110.677000 12489.219727
19125.795000 12497.219727
19136.723000 12505.219727
19153.508000 12513.219727
19166.345000 12521.219727
19184.169000 12529.219727
19221.873000 12537.219727
19260.652000 12545.219727
19282.201000 12553.219727
19337.183000 12561.219727
19357.391000 12569.219727
19416.612000 12577.219727
19428.714000 12585.219727
19443.659000 12593.219727
19454.983000 12601.219727
19462.030000 12609.219727
19471.008000 12617.219727
19483.148000 12625.219727
19498.239000 12633.219727
19517.398000 12641.219727
19533.421000 12649.219727
19545.363000 12655.005859
