414.317000 4226.334961
485.993000 4234.334961
575.246000 4242.334961
645.865000 4250.334961
716.103000 4258.334961
775.483000 4266.334961
844.959000 4274.334961
894.432000 4282.334961
1006.616000 4290.334961
1055.338000 4298.334961
1107.285000 4306.334961
1176.420000 4314.334961
1235.564000 4322.334961
1295.041000 4330.334961
1365.187000 4338.334961
1435.968000 4346.334961
1506.594000 4354.334961
1575.614000 4362.334961
1646.528000 4370.334961
1733.289000 4378.334961
1862.969000 4386.334961
2073.985000 4394.334961
2165.227000 4402.334961
2244.927000 4410.334961
2345.452000 4418.334961
2423.967000 4426.334961
2525.077000 4434.334961
2596.633000 4442.334961
2655.291000 4450.334961
2716.122000 4458.334961
2775.427000 4466.334961
2835.965000 4474.334961
2894.452000 4482.334961
2956.155000 4490.334961
3014.998000 4498.334961
3065.381000 4506.334961
3125.327000 4514.334961
3186.443000 4522.334961
3235.934000 4530.334961
3295.147000 4538.334961
3375.734000 4546.334961
3426.918000 4554.334961
3486.847000 4562.334961
3538.264000 4570.334961
3605.309000 4578.334961
3668.596000 4586.334961
3726.136000 4594.334961
3786.418000 4602.334961
3844.824000 4610.334961
3915.336000 4618.334961
3974.617000 4626.334961
4035.269000 4634.334961
4114.208000 4642.334961
4206.064000 4650.334961
4284.250000 4658.334961
4365.061000 4666.334961
4435.024000 4674.334961
4504.985000 4682.334961
4565.281000 4690.334961
4645.781000 4698.334961
4706.379000 4706.334961
4774.872000 4714.334961
4846.387000 4722.334961
4917.423000 4730.334961
4966.632000 4738.334961
5036.675000 4746.334961
5106.862000 4754.334961
5175.277000 4762.334961
5237.032000 4770.334961
5294.928000 4778.334961
5375.362000 4786.334961
5445.109000 4794.334961
5545.953000 4802.334961
5626.259000 4810.334961
5686.100000 4818.334961
5766.683000 4826.334961
5875.707000 4834.334961
5936.795000 4842.334961
5986.169000 4850.334961
6046.497000 4858.334961
6095.410000 4866.334961
6247.243000 4874.334961
6295.681000 4882.334961
6355.764000 4890.334961
6444.148000 4898.334961
6585.869000 4906.334961
6644.882000 4914.334961
6765.438000 4922.334961
6845.367000 4930.334961
6944.630000 4938.334961
7034.141000 4946.334961
7124.848000 4954.334961
7233.916000 4962.334961
7323.362000 4970.334961
7403.732000 4978.334961
7475.334000 4986.334961
7586.231000 4994.334961
7676.347000 5002.334961
7755.242000 5010.334961
7815.540000 5018.334961
7875.330000 5026.334961
7954.551000 5034.334961
8024.690000 5042.334961
8075.732000 5050.334961
8145.766000 5058.334961
8235.839000 5066.334961
8315.044000 5074.334961
8405.152000 5082.334961
8486.003000 5090.334961
8544.828000 5098.334961
8624.441000 5106.334961
8704.836000 5114.334961
8804.589000 5122.334961
8894.320000 5130.334961
9043.216000 5138.334961
9153.704000 5146.334961
9254.137000 5154.334961
9364.078000 5162.334961
9463.966000 5170.334961
11790.841000 5178.334961
12462.949000 5186.334961
12594.321000 5194.334961
12943.932000 5202.334961
13033.082000 5210.334961
13132.263000 5218.334961
13223.034000 5226.334961
13712.200000 5234.334961
14313.006000 5242.334961
14392.716000 5250.334961
14812.663000 5258.334961
14922.366000 5266.334961
14980.679000 5274.334961
15083.008000 5282.334961
15172.040000 5290.334961
15581.526000 5298.334961
15681.300000 5306.334961
15792.113000 5314.334961
16033.051000 5322.334961
16092.923000 5330.334961
16171.654000 5338.334961
16232.606000 5346.334961
16302.293000 5354.334961
16383.689000 5362.334961
16451.299000 5370.334961
16562.029000 5378.334961
16652.197000 5386.334961
16732.514000 5394.334961
16812.150000 5402.334961
16882.512000 5410.334961
16944.394000 5418.334961
16993.006000 5426.334961
17052.696000 5434.334961
17113.074000 5442.334961
17173.309000 5450.334961
17231.641000 5458.334961
17283.005000 5466.334961
17373.434000 5474.334961
17463.032000 5482.334961
17513.572000 5490.334961
17592.652000 5498.334961
17642.133000 5506.334961
17692.107000 5514.334961
17763.426000 5522.334961
17822.890000 5530.334961
17882.959000 5538.334961
17943.324000 5546.334961
18003.240000 5554.334961
18072.734000 5562.334961
18144.379000 5570.334961
18202.710000 5578.334961
18262.025000 5586.334961
18323.412000 5594.334961
18373.292000 5602.334961
18443.140000 5610.334961
18504.244000 5618.334961
18584.761000 5626.334961
18653.016000 5634.334961
18713.925000 5642.334961
18773.117000 5650.334961
18833.621000 5658.334961
18892.252000 5666.334961
18943.225000 5674.334961
19043.498000 5682.334961
19093.528000 5690.334961
19156.281000 5698.334961
19212.905000 5706.334961
19262.730000 5714.334961
19312.233000 5722.334961
19372.478000 5730.334961
19423.541000 5738.334961
19522.563000 5746.334961
19602.510000 5754.334961
19671.234000 5762.334961
19743.775000 5770.334961
19802.654000 5774.020508
