237.819000 8444.669922
288.242000 8452.669922
347.717000 8460.669922
447.518000 8468.669922
536.988000 8476.669922
587.840000 8484.669922
677.540000 8492.669922
747.440000 8500.669922
829.002000 8508.669922
877.206000 8516.669922
927.543000 8524.669922
978.654000 8532.669922
1039.129000 8540.669922
1157.886000 8548.669922
1248.507000 8556.669922
1297.835000 8564.669922
1388.393000 8572.669922
1436.944000 8580.669922
1527.944000 8588.669922
1566.803000 8596.669922
1617.633000 8604.669922
1707.894000 8612.669922
1808.425000 8620.669922
1837.860000 8628.669922
1936.784000 8636.669922
2008.030000 8644.669922
2056.799000 8652.669922
2137.076000 8660.669922
2187.197000 8668.669922
2267.774000 8676.669922
2317.467000 8684.669922
2399.493000 8692.669922
2489.606000 8700.669922
2578.795000 8708.669922
2628.717000 8716.669922
2717.583000 8724.669922
2817.947000 8732.669922
2856.293000 8740.669922
2957.170000 8748.669922
3006.950000 8756.669922
3057.222000 8764.669922
3107.779000 8772.669922
3206.132000 8780.669922
3267.256000 8788.669922
3327.218000 8796.669922
3386.127000 8804.669922
3437.908000 8812.669922
3496.475000 8820.669922
3587.315000 8828.669922
3678.509000 8836.669922
3748.067000 8844.669922
3796.414000 8852.669922
3878.843000 8860.669922
3927.307000 8868.669922
4026.216000 8876.669922
4067.267000 8884.669922
4139.454000 8892.669922
4217.926000 8900.669922
4290.321000 8908.669922
4349.812000 8916.669922
4438.043000 8924.669922
4498.775000 8932.669922
4571.466000 8940.669922
4616.718000 8948.669922
4680.202000 8956.669922
4777.858000 8964.669922
4827.365000 8972.669922
4917.671000 8980.669922
4998.576000 8988.669922
5048.644000 8996.669922
5158.113000 9004.669922
5208.306000 9012.669922
5256.872000 9020.669922
5337.413000 9028.669922
5427.774000 9036.669922
5488.012000 9044.669922
5537.814000 9052.669922
5587.355000 9060.669922
5687.193000 9068.669922
5758.694000 9076.669922
5816.964000 9084.669922
5866.568000 9092.669922
5958.120000 9100.669922
6057.886000 9108.669922
6156.658000 9116.669922
6217.843000 9124.669922
6297.125000 9132.669922
6398.092000 9140.669922
6467.876000 9148.669922
6517.723000 9156.669922
6567.869000 9164.669922
6658.357000 9172.669922
6768.232000 9180.669922
6808.522000 9188.669922
6857.355000 9196.669922
6928.557000 9204.669922
7018.001000 9212.669922
7067.768000 9220.669922
7157.860000 9228.669922
7237.931000 9236.669922
7287.686000 9244.669922
7337.050000 9252.669922
7388.502000 9260.669922
7479.209000 9268.669922
7558.493000 9276.669922
7627.829000 9284.669922
7676.347000 9292.669922
7748.136000 9300.669922
7806.798000 9308.669922
7896.341000 9316.669922
7977.363000 9324.669922
8017.026000 9332.669922
8097.585000 9340.669922
8146.663000 9348.669922
8227.039000 9356.669922
8307.038000 9364.669922
8418.080000 9372.669922
8479.451000 9380.669922
8527.000000 9388.669922
8628.550000 9396.669922
8677.256000 9404.669922
8758.154000 9412.669922
8826.880000 9420.669922
8911.988000 9428.669922
8957.911000 9436.669922
9047.317000 9444.669922
9117.257000 9452.669922
9168.394000 9460.669922
9217.925000 9468.669922
9298.295000 9476.669922
9358.223000 9484.669922
9408.127000 9492.669922
9487.660000 9500.669922
9557.100000 9508.669922
9607.304000 9516.669922
9690.548000 9524.669922
9790.062000 9532.669922
9867.722000 9540.669922
9938.150000 9548.669922
10017.743000 9556.669922
10067.455000 9564.669922
10116.477000 9572.669922
10259.182000 9580.669922
10338.427000 9588.669922
10418.046000 9596.669922
10517.717000 9604.669922
10608.536000 9612.669922
10678.481000 9620.669922
10727.829000 9628.669922
10940.134000 9636.669922
11028.185000 9644.669922
11117.154000 9652.669922
11198.377000 9660.669922
11249.695000 9668.669922
11298.113000 9676.669922
11378.013000 9684.669922
11428.309000 9692.669922
11497.784000 9700.669922
11586.867000 9708.669922
11636.711000 9716.669922
11727.127000 9724.669922
11817.467000 9732.669922
11876.920000 9740.669922
11957.516000 9748.669922
12008.623000 9756.669922
12107.656000 9764.669922
12217.582000 9772.669922
12267.641000 9780.669922
12347.084000 9788.669922
12418.035000 9796.669922
12467.822000 9804.669922
12547.152000 9812.669922
12609.049000 9820.669922
12676.677000 9828.669922
12728.032000 9836.669922
12807.341000 9844.669922
12897.234000 9852.669922
13007.056000 9860.669922
13146.196000 9868.669922
13267.079000 9876.669922
13377.074000 9884.669922
13496.979000 9892.669922
13626.063000 9900.669922
13796.021000 9908.669922
13886.209000 9916.669922
13976.272000 9924.669922
14130.369000 9932.669922
14297.897000 9940.669922
14446.899000 9948.669922
14546.507000 9956.669922
14715.833000 9964.669922
14865.008000 9972.669922
15204.531000 9980.669922
15455.855000 9988.669922
15598.144000 9996.669922
15648.302000 10004.669922
15757.696000 10012.669922
15807.896000 10020.669922
15858.502000 10028.669922
15928.113000 10036.669922
16027.106000 10044.669922
16086.881000 10052.669922
16136.694000 10060.669922
16197.981000 10068.669922
16267.819000 10076.669922
16326.749000 10084.669922
16378.432000 10092.669922
16467.799000 10100.669922
16517.689000 10108.669922
16607.940000 10116.669922
16677.419000 10124.669922
16727.184000 10132.669922
16778.504000 10140.669922
16856.954000 10148.669922
16941.583000 10156.669922
17068.379000 10164.669922
17167.155000 10172.669922
17218.491000 10180.669922
17307.946000 10188.669922
17368.226000 10196.669922
17448.079000 10204.669922
17497.499000 10212.669922
17548.856000 10220.669922
17636.940000 10228.669922
17717.073000 10236.669922
17807.294000 10244.669922
17869.563000 10252.669922
17947.536000 10260.669922
18037.575000 10268.669922
18137.736000 10276.669922
18227.685000 10284.669922
18297.361000 10292.669922
18398.253000 10300.669922
18448.223000 10308.669922
18523.190000 10316.669922
18566.575000 10324.669922
18639.796000 10332.669922
18737.691000 10340.669922
18799.349000 10348.669922
18857.930000 10356.669922
18906.854000 10364.669922
18957.956000 10372.669922
19047.367000 10380.669922
19087.774000 10388.669922
19157.370000 10396.669922
19256.972000 10404.669922
19307.199000 10412.669922
19357.391000 10420.669922
19438.684000 10428.669922
19507.624000 10433.219727
19617.953000 5782.020508
19678.043000 5790.020508
19760.760000 5798.020508
19847.667000 5806.020508
19937.270000 5814.020508
19949.351000 5816.330078
